0.0    2.0    1.0
1.0    1.8955732271040713    1.0
2.0    1.8015891314977355    1.0
3.0    1.717003445452033    1.0
4.0    1.640876328010901    1.0
5.0    1.5723619223138823    1.0
6.0    1.5106989571865652    1.0
7.0    1.45520228857198    1.0
8.0    1.4052552868188533    1.0
9.0    1.360302985241039    1.0
10.0    1.3198459138210064    1.0
11.0    1.283434549542977    1.0
12.0    1.2506643216927507    1.0
13.0    1.221171116627547    1.0
14.0    1.1946272320688636    1.0
15.0    1.1707377359660485    1.0
16.0    1.149237189473515    1.0
17.0    1.1298866976302346    1.0
18.0    1.1124712549712825    1.0
19.0    1.0967973565782256    1.0
20.0    1.0826908480244744    1.0
21.0    1.0699949903260981    1.0
22.0    1.0585687183975596    1.0
23.0    1.048285073661875    1.0
24.0    1.0390297933997588    1.0
25.0    1.030700041163854    1.0
26.0    1.0232032641515398    1.0
27.0    1.016456164840457    1.0
28.0    1.0103837754604825    1.0
29.0    1.0049186250185054    1.0
30.0    0.9999999896207261    1.0
